2.723403553891000231e-04 2.210946943971887901e-01 -4.992720112215580097e-01 -6.150276570310517776e-01 2.732996525500480112e-01 -7.403987687263161588e-01
-1.920698406511678058e-01 9.681075162422028146e-01 -4.992720112215580097e-01 -5.148807264855389532e-01 -4.594731639013799884e-01 2.670545443227775873e-01
-1.914928141081481128e-01 -4.792298260825118006e-01 -2.962713033622432213e-01 8.274880841766500336e-03 -6.594111765757124655e-01 -3.139101995355332853e-01
-1.536014044498563991e-01 -1.062833593148929001e+00 7.187322359343306655e-01 -6.643537571504833927e-01 -2.095506480584646003e-01 3.023154102794959885e-01
-1.918774984701611952e-01 -3.625090726692283827e-01 -2.962713033622432213e-01 -6.150276570310517776e-01 1.040061931156112784e+00 -1.174443237764967618e+00
-1.911081297461350026e-01 -2.457883192559449093e-01 5.157315280750158770e-01 -4.266916383932217727e-01 -8.093646860814617261e-01 -9.922620969885895814e-01
-1.920698406511678058e-01 8.046984614636060185e-01 -4.992720112215580097e-01 3.819574575041275732e-01 -8.093646860814617261e-01 9.189607923084999741e-04
-1.639878822242104017e-01 -3.569096311203470012e-02 5.157315280750158770e-01 -6.643537571504833927e-01 -3.924939296554786905e-01 -2.678600531654139888e-02
-1.920698406511678058e-01 -2.691324699386016261e-01 -4.992720112215580097e-01 -6.646163449070560669e-02 1.248997154400790066e+00 -9.712734863000668240e-01
-1.920698406511678058e-01 -1.234681242937800058e-02 1.097301123563863001e-01 -4.894703112724984040e-01 -8.513516687430715546e-01 2.666472518234702438e+00
-1.920698406511678058e-01 -1.062833593148929001e+00 -4.992720112215580097e-01 -5.896172418180112285e-01 8.401239184817803629e-01 -6.287393598633751468e-01
2.723403553891000231e-04 -1.062833593148929001e+00 -4.992720112215580097e-01 -6.643537571504833927e-01 -4.514756433944067116e-01 3.787139531857187102e-01
-1.918774984701611952e-01 -8.002118979690412415e-01 3.127308202157010886e-01 -6.643537571504833927e-01 -9.593181955872109867e-01 -1.055227929054157965e+00
-1.920698406511678058e-01 -3.625090726692283827e-01 -4.992720112215580097e-01 -2.159346651556501018e-01 -5.264523981472813974e-01 1.763837461483593050e-01
-1.920698406511678058e-01 5.712569546370390716e-01 -4.992720112215580097e-01 8.303765494989608920e-01 -1.595661448898814949e-01 4.702242957876783258e-01
-1.914928141081481128e-01 -4.736303845336310020e-02 -9.327059550292840506e-02 -5.522489841517750353e-01 -7.843724344971702012e-01 -4.742631851958470923e-01
-1.920698406511678058e-01 -5.142460521064968759e-01 -2.962713033622432213e-01 -6.643537571504833927e-01 2.839504045225103912e+00 1.512098930365949112e+00
-1.920698406511678058e-01 5.712569546370390716e-01 -4.992720112215580097e-01 1.428268672158738317e+00 -4.594731639013799884e-01 1.201342695031181046e-01
-1.376370034263121878e-01 1.388302228530023275e+00 -2.962713033622432213e-01 -5.776593993648155845e-01 -8.013671655744883937e-01 -8.033646007918845422e-01
-1.909157875651283920e-01 -4.091973740345417054e-01 -4.992720112215580097e-01 3.368529605480700267e-02 -6.094266734071293046e-01 -1.055227929054157965e+00
-1.920698406511678058e-01 -1.062833593148929001e+00 -4.992720112215580097e-01 -2.159346651556501018e-01 1.239999943830445206e+00 1.064621750486643537e+00
-1.464847437526138052e-01 3.378154478104721803e-01 -4.992720112215580097e-01 -4.655546263661072826e-01 -7.513826624059053438e-01 8.404633883332200961e-01
-1.920698406511678058e-01 3.434148893593529789e-02 -4.992720112215580097e-01 5.314304881690720128e-01 -5.174551875769364262e-01 -4.952517958843699053e-01
-1.920698406511678058e-01 5.012245025890690320e-01 -4.992720112215580097e-01 2.324844268391831892e-01 1.239999943830445206e+00 -7.613873794148390273e-01
5.797499465735619917e-02 8.046984614636060185e-01 -9.327059550292840506e-02 -6.150276570310517776e-01 -5.594421702385462547e-01 -6.001948493269838592e-01
-1.920698406511678058e-01 -3.625090726692283827e-01 -4.992720112215580097e-01 -5.029228840323434202e-01 1.823278567832267993e-01 -1.090488795010876366e+00
3.470652927102113039e-01 9.214192148768893809e-01 -2.962713033622432213e-01 -5.776593993648155845e-01 -8.433541482360982222e-01 -1.737062801362009024e-01
-1.889923657550628966e-01 -9.461128397356456388e-01 -4.992720112215580097e-01 2.324844268391831892e-01 1.339968950167611306e+00 -6.707165812404206617e-01
-1.920698406511678058e-01 9.214192148768893809e-01 -4.992720112215580097e-01 8.274880841766500336e-03 -4.594731639013799884e-01 -7.547958211391410377e-02
-3.646501621686319694e-02 -3.625090726692283827e-01 -4.992720112215580097e-01 -5.896172418180112285e-01 -7.093956797442955153e-01 -7.261265134581206260e-01
-1.920698406511678058e-01 1.043739409839053028e-01 -4.992720112215580097e-01 -1.411981498231777987e-01 -7.093956797442955153e-01 -1.804226355565279882e-01
-1.920698406511678058e-01 5.712569546370390716e-01 -4.992720112215580097e-01 -2.906711804881222938e-01 -4.594731639013799884e-01 6.388479285787679318e-02
-1.920698406511678058e-01 -1.062833593148929001e+00 -4.992720112215580097e-01 1.813909091274295005e+00 -2.845274028113392029e-01 2.880431550113004002e-01
-1.918774984701611952e-01 -9.636209527476380376e-01 -9.327059550292840506e-02 -6.643537571504833927e-01 4.037186778445080171e-02 6.725545028250377033e-01
-1.903387610221088100e-01 1.271581475116739801e+00 -2.962713033622432213e-01 -1.905242499426094971e-01 -8.093646860814617261e-01 -7.471151241466433834e-01
-1.920698406511678058e-01 1.738464488769873251e+00 -4.992720112215580097e-01 2.324844268391831892e-01 -1.595661448898814949e-01 6.305772814479921884e-01
-1.878383126690235105e-01 -1.062833593148929001e+00 -2.962713033622432213e-01 -2.906711804881222938e-01 -3.595041575642138887e-01 -5.372290172614154757e-01
-1.920698406511678058e-01 -1.062833593148929001e+00 1.733735775230904608e+00 -3.654076958205945136e-01 -9.593181955872109867e-01 -7.126938026174662877e-01
-1.732203069125252126e-01 -4.325415247171984223e-01 -2.962713033622432213e-01 -5.896172418180112285e-01 -7.093956797442955153e-01 -1.265114035939385984e+00
-1.587946433370333865e-01 -1.234681242937800058e-02 -9.327059550292840506e-02 3.326313573846959026e-01 1.464930208089068930e+00 -7.890923455236888984e-01
-1.686040945683678072e-01 1.108172420338142894e+00 -4.992720112215580097e-01 -5.896172418180112285e-01 -6.594111765757124655e-01 5.716843743754970036e-02
-1.920698406511678058e-01 -4.792298260825118006e-01 -4.992720112215580097e-01 -3.160815957011627875e-01 -7.923699550041435336e-01 -4.532745745073242793e-01
-1.066699122842564990e-01 5.245686532717257489e-01 -2.962713033622432213e-01 -6.150276570310517776e-01 -8.513516687430715546e-01 -5.162404065728927183e-01
-1.920698406511678058e-01 1.627343176905469979e-01 -4.992720112215580097e-01 -3.654076958205945136e-01 -4.594731639013799884e-01 2.880431550113004002e-01
-1.920698406511678058e-01 2.911271464451588020e-01 -4.992720112215580097e-01 -5.148807264855389532e-01 -2.595351512270476779e-01 6.388479285787679318e-02
-1.920698406511678058e-01 -4.792298260825118006e-01 -4.992720112215580097e-01 9.798495801639052205e-01 1.403408741216169986e-01 -1.107404480706325051e-01
-9.589875014788930285e-02 -8.821530214801230618e-02 -9.327059550292840506e-02 -3.654076958205945136e-01 -7.593801829128786762e-01 -2.576607228902920155e-01
-1.914928141081481128e-01 -3.099847336332507974e-01 1.936736483090219618e+00 -6.389433419374428436e-01 1.173020709584543519e+00 -8.303548196178260621e-02
-1.920698406511678058e-01 2.205347502423006922e+00 -4.992720112215580097e-01 -4.401442111530666779e-01 -5.094576670699632048e-01 9.739509523122251711e-01
-1.920698406511678058e-01 1.043739409839053028e-01 -4.992720112215580097e-01 2.324844268391831892e-01 -4.594731639013799884e-01 2.737708997431047009e-01
-1.913004719271415022e-01 1.043739409839053028e-01 -9.327059550292840506e-02 2.444422692923786944e-01 -3.345119059799223082e-01 2.946347132869980151e-02
-1.766824661706432043e-01 5.712569546370390716e-01 -2.962713033622432213e-01 -5.402911416985795023e-01 -3.265143854729489759e-01 -6.774329366607478864e-01
-1.920698406511678058e-01 3.139113529729274710e+00 -9.327059550292840506e-02 -1.411981498231777987e-01 -4.594731639013799884e-01 1.134179140827908938e-01
-8.878208945064669511e-02 -3.569096311203470012e-02 -4.992720112215580097e-01 2.324844268391831892e-01 -7.593801829128786762e-01 -3.139101995355332853e-01
6.734699738783385126e-01 1.505022981943306304e+00 -4.992720112215580097e-01 -6.269854994842473106e-01 -6.924009486669773228e-01 2.393495782139276884e-01
-1.920698406511678058e-01 -3.625090726692283827e-01 -4.992720112215580097e-01 -2.159346651556501018e-01 -1.595661448898814949e-01 4.289618216935409817e-02
-1.536014044498563991e-01 2.911271464451588020e-01 -4.992720112215580097e-01 8.301139617423869410e-02 -4.094886607327969941e-01 2.183609675254049032e-01
-1.632185135001842091e-01 1.650923923709910701e+00 -4.992720112215580097e-01 9.798495801639052205e-01 2.073201083675184075e-01 1.309768723328589957e+00
-1.911081297461350026e-01 -5.959505794957952185e-01 -2.962713033622432213e-01 -1.411981498231777987e-01 -8.513516687430715546e-01 -1.145898727228576330e+00
-5.993076229966309842e-02 1.627343176905469979e-01 -4.992720112215580097e-01 8.303765494989608920e-01 1.403408741216169986e-01 3.862698530335871849e-01
-1.824527316008399125e-01 -1.062833593148929001e+00 -4.992720112215580097e-01 -6.643537571504833927e-01 1.082048913817722724e+00 -1.145898727228576330e+00
-7.916498040031880179e-02 -1.290675658426614913e-01 -9.327059550292840506e-02 -3.773655382737901021e-01 -4.674706844083533763e-01 -1.124910116540053684e+00
-4.415870345712549772e-02 9.797795915835312286e-01 1.097301123563863001e-01 -6.643537571504833927e-01 -8.423544581727265834e-01 -1.006534352256785114e+00
-1.920698406511678058e-01 -1.290675658426614913e-01 -2.962713033622432213e-01 -5.522489841517750353e-01 9.835389146000719784e-02 -9.150240096548255542e-01
-9.589875014788930285e-02 2.502748827505096862e-01 -9.327059550292840506e-02 -5.522489841517750353e-01 -8.183618966518066973e-01 5.751673492302923352e-01
-1.612950916901186027e-01 -1.062833593148929001e+00 -2.962713033622432213e-01 -6.269854994842473106e-01 5.652091510545733666e-01 -1.321363512584627031e+00
-1.857225486779514045e-01 -1.062833593148929001e+00 1.097301123563863001e-01 -6.523959146972878598e-01 -6.844034281600039904e-01 -9.646819280243690287e-02
-1.043618061121777962e-01 1.043739409839053028e-01 -4.992720112215580097e-01 6.809035188340164524e-01 -4.594731639013799884e-01 -6.077507491748522783e-01
-1.911081297461350026e-01 6.879777080503225450e-01 9.217329437936455649e-01 2.773525948143238384e+00 4.402478931331155754e-01 5.189178725850510654e-01
-1.901464188411021994e-01 -1.062833593148929001e+00 1.530735067371589819e+00 -1.411981498231777987e-01 9.400929248189465737e-01 -1.195431848453490487e+00
-1.920698406511678058e-01 -1.062833593148929001e+00 -4.992720112215580097e-01 -5.148807264855389532e-01 4.402478931331155754e-01 -9.712734863000668240e-01
-9.897622504399419818e-02 -5.959505794957952185e-01 -4.992720112215580097e-01 -5.776593993648155845e-01 1.233461430442988060e-01 -1.040955673785962432e+00
-1.918774984701611952e-01 1.090664307326150384e+00 -9.327059550292840506e-02 8.557869647120014411e-01 -3.095196543956307833e-01 -3.348988102240560982e-01
-1.343671863492006957e-01 -5.259181274478251789e-01 -2.962713033622432213e-01 -6.643537571504833927e-01 -7.093956797442955153e-01 -3.693201317532331940e-01
1.142818685376940056e-02 -1.290675658426614913e-01 -4.992720112215580097e-01 -6.150276570310517776e-01 -3.265143854729489759e-01 -7.261265134581206260e-01
-1.649495931292432882e-01 1.043739409839053028e-01 -4.992720112215580097e-01 3.819574575041275732e-01 -5.094576670699632048e-01 1.344065247713137068e-01
-1.920698406511678058e-01 8.046984614636060185e-01 -4.992720112215580097e-01 5.760098096119820044e-02 -4.174861812397702154e-01 2.267688915152769713e+00
-1.907234453841218924e-01 1.043739409839053028e-01 -9.327059550292840506e-02 -4.894703112724984040e-01 1.223005212753126791e+00 -1.027522962945308205e+00
-1.920698406511678058e-01 1.043739409839053028e-01 -4.992720112215580097e-01 -3.160815957011627875e-01 -2.015531275514912957e-01 3.997025638742415232e-01
-1.791829145237285037e-01 6.879777080503225450e-01 -4.992720112215580097e-01 -4.401442111530666779e-01 -3.595041575642138887e-01 -2.996379442673375859e-01
-1.920698406511678058e-01 -5.959505794957952185e-01 -4.992720112215580097e-01 5.314304881690720128e-01 2.339659013539272969e+00 3.090317656998232132e-01
-1.847608377729186013e-01 -1.062833593148929001e+00 -9.327059550292840506e-02 -5.522489841517750353e-01 4.037186778445080171e-02 -1.082932895163007947e+00
-1.920698406511678058e-01 -7.126713329090786919e-01 -4.992720112215580097e-01 -2.159346651556501018e-01 1.403408741216169986e-01 2.040887122572092038e-01
-1.920698406511678058e-01 -1.234681242937800058e-02 -4.992720112215580097e-01 -6.646163449070560669e-02 -3.595041575642138887e-01 1.411228801916409037e-01
-1.918774984701611952e-01 -3.625090726692283827e-01 -2.962713033622432213e-01 -3.654076958205945136e-01 1.040061931156112784e+00 -1.118193761119726348e+00
-1.920698406511678058e-01 5.712569546370390716e-01 -4.992720112215580097e-01 3.072209421716554090e-01 -7.093956797442955153e-01 -7.823759901033617847e-01
-1.913004719271415022e-01 -1.234681242937800058e-02 -4.992720112215580097e-01 -2.159346651556501018e-01 -3.595041575642138887e-01 1.700996426562654484e+00
-1.253271038418924954e-01 1.510622423492186950e-01 7.187322359343306655e-01 1.203796538404748040e-01 -8.673467097570181084e-01 -6.707165812404206617e-01
-1.651081454676400035e-03 -5.959505794957952185e-01 1.530735067371589819e+00 -1.411981498231777987e-01 7.401549121446141521e-01 -7.613873794148390273e-01
-1.670653571203153942e-01 -1.757558672079748974e-01 3.560742145964737038e+00 -6.643537571504833927e-01 2.139721000864940770e+00 1.952859754824928018e+00
-1.566788793459613083e-01 -2.457883192559449093e-01 -4.992720112215580097e-01 -5.776593993648155845e-01 5.736659886176909834e-02 -9.083076542344985516e-01
-1.918774984701611952e-01 -3.625090726692283827e-01 -4.992720112215580097e-01 -2.159346651556501018e-01 -5.514446497315729223e-01 1.700996426562654484e+00
-1.872612861260037898e-01 -1.290675658426614913e-01 -4.992720112215580097e-01 6.809035188340164524e-01 -4.094886607327969941e-01 -6.774329366607478864e-01
-1.920698406511678058e-01 -1.062833593148929001e+00 -4.992720112215580097e-01 -5.148807264855389532e-01 -9.593181955872109867e-01 -8.730467882777800392e-01
-1.916851562891546956e-01 -1.062833593148929001e+00 -4.992720112215580097e-01 8.301139617423869410e-02 -4.594731639013799884e-01 1.411228801916409037e-01
-1.712968851024596062e-01 1.271581475116739801e+00 -9.327059550292840506e-02 -5.896172418180112285e-01 -7.093956797442955153e-01 -1.804226355565279882e-01
-1.920698406511678058e-01 3.378154478104721803e-01 -4.992720112215580097e-01 -3.654076958205945136e-01 -4.260240747539700140e-02 1.127587582552211920e+00
-1.920698406511678058e-01 5.245686532717257489e-01 -4.992720112215580097e-01 -2.906711804881222938e-01 2.403098804587832094e-01 3.617982674902690127e-02
-1.888000235740563137e-01 -1.062833593148929001e+00 -4.992720112215580097e-01 -2.906711804881222938e-01 1.539906962841943505e+00 -4.532745745073242793e-01
-1.880306548500300934e-01 1.364958077847366447e+00 -2.962713033622432213e-01 2.023272329496210095e-02 -3.095196543956307833e-01 -4.952517958843699053e-01
6.173060570244238709e-01 -4.792298260825118006e-01 -4.992720112215580097e-01 -6.389433419374428436e-01 -4.594731639013799884e-01 -7.126938026174662877e-01
-1.920698406511678058e-01 -2.457883192559449093e-01 -4.992720112215580097e-01 8.301139617423869410e-02 -6.594111765757124655e-01 1.141859837820407675e+00
-1.920698406511678058e-01 2.852911087744947061e-01 -4.992720112215580097e-01 -2.159346651556501018e-01 -8.093646860814617261e-01 3.367367318086730843e-01
-1.920698406511678058e-01 -5.959505794957952185e-01 -4.992720112215580097e-01 -4.105121927766509915e-02 1.439937956504777405e+00 -6.564443259722250179e-01
-1.920698406511678058e-01 3.378154478104721803e-01 -4.992720112215580097e-01 -3.654076958205945136e-01 -5.959713855271529803e-02 2.040887122572092038e-01
-1.151329682485450062e-01 -1.057234151600048022e-01 -4.992720112215580097e-01 -5.896172418180112285e-01 -6.094266734071293046e-01 4.979292618965283079e-01
-1.920698406511678058e-01 -1.062833593148929001e+00 -4.992720112215580097e-01 -5.402911416985795023e-01 1.339968950167611306e+00 -7.403987687263161588e-01
-1.916851562891546956e-01 1.060924174817941612e+01 -2.962713033622432213e-01 -3.654076958205945136e-01 -8.263594171587799186e-01 -1.006534352256785114e+00
-1.911081297461350026e-01 -3.625090726692283827e-01 -9.327059550292840506e-02 8.274880841766500336e-03 1.439937956504777405e+00 -5.515012725296111196e-01
-1.907234453841218924e-01 -4.325415247171984223e-01 -4.992720112215580097e-01 -2.159346651556501018e-01 -7.423854518355603727e-01 -9.360126203433484227e-01
-1.901464188411021994e-01 -1.062833593148929001e+00 -2.962713033622432213e-01 1.278795641493794211e+00 -5.594421702385462547e-01 2.183734472398678683e+00
-1.920698406511678058e-01 -1.062833593148929001e+00 -4.992720112215580097e-01 -6.643537571504833927e-01 2.403098804587832094e-01 3.184471430027445038e+00
-1.695658054734006104e-01 3.378154478104721803e-01 -4.992720112215580097e-01 -5.148807264855389532e-01 -7.923699550041435336e-01 1.568348407011190382e+00
-1.882229970310365930e-01 -4.792298260825118006e-01 -4.992720112215580097e-01 -6.646163449070560669e-02 -6.594111765757124655e-01 -1.019967063097439564e+00
-1.920698406511678058e-01 6.412894066850092223e-01 -4.992720112215580097e-01 1.054586095496377496e+00 -4.924629359926449013e-01 9.914565881459530550e-02
2.723403553891000231e-04 1.038139968290172854e+00 -4.992720112215580097e-01 -3.654076958205945136e-01 -1.595661448898814949e-01 -1.040955673785962432e+00
-1.918774984701611952e-01 1.043739409839053028e-01 -2.962713033622432213e-01 -6.646163449070560669e-02 1.739844975516275927e+00 -5.305126618410883621e-01
-1.920698406511678058e-01 8.572228004995835482e-01 1.097301123563863001e-01 3.819574575041275732e-01 -2.595351512270476779e-01 -2.014112462450508012e-01
-1.245577351178663028e-01 -1.062833593148929001e+00 -4.992720112215580097e-01 -6.150276570310517776e-01 7.401549121446141521e-01 -9.015912988141712159e-01
-1.920698406511678058e-01 1.084828269655486510e+00 -4.992720112215580097e-01 -6.646163449070560669e-02 -6.594111765757124655e-01 -3.273429103761876235e-01
-1.824527316008399125e-01 -4.792298260825118006e-01 1.097301123563863001e-01 1.353532156826266375e+00 4.562429341470621846e-01 2.030097842158692156e+00
-1.728356225505121024e-01 -7.126713329090786919e-01 -4.992720112215580097e-01 -6.269854994842473106e-01 3.402788867959494201e-01 -1.187875948605621845e+00
-1.920698406511678058e-01 -2.399522815852807023e-01 -4.992720112215580097e-01 8.274880841766500336e-03 4.037186778445080171e-02 9.739509523122251711e-01
-1.920698406511678058e-01 1.271581475116739801e+00 -4.992720112215580097e-01 3.819574575041275732e-01 -3.015221338886575064e-01 7.565089455791288442e-01
-1.447536641235546984e-01 4.545362012237555982e-01 -4.992720112215580097e-01 -6.015750842712067614e-01 -4.594731639013799884e-01 4.836570066283326086e-01
-1.920698406511678058e-01 1.505022981943306304e+00 -4.992720112215580097e-01 5.760098096119820044e-02 -6.264214044844476081e-01 -2.509443674699649018e-01
-1.918774984701611952e-01 1.038139968290172854e+00 -4.992720112215580097e-01 1.577479115067108861e-01 -5.424474391612280622e-01 -5.237963064207611374e-01
-1.895693922980825064e-01 5.712569546370390716e-01 -4.992720112215580097e-01 -3.654076958205945136e-01 -7.423854518355603727e-01 -1.737062801362009024e-01
-1.920698406511678058e-01 -6.251307678491161424e-01 -9.327059550292840506e-02 1.054586095496377496e+00 -1.595661448898814949e-01 -3.139101995355332853e-01
-1.920698406511678058e-01 -4.091973740345417054e-01 -4.992720112215580097e-01 8.303765494989608920e-01 1.589891466010526777e+00 2.596790330748806941e+00
-1.916851562891546956e-01 6.879777080503225450e-01 -4.992720112215580097e-01 -5.148807264855389532e-01 -6.094266734071293046e-01 6.171445706073378501e-01
-1.920698406511678058e-01 4.656483324101959198e+00 -4.992720112215580097e-01 3.371418070803016143e+00 4.037186778445080171e-02 5.886000600709465624e-01
-1.637955400432039021e-01 -1.234681242937800058e-02 1.097301123563863001e-01 -5.148807264855389532e-01 -7.513826624059053438e-01 -5.934784939066567455e-01
-1.824527316008399125e-01 1.586727509332604757e+00 -4.992720112215580097e-01 3.819574575041275732e-01 -1.095816417212984034e-01 4.139748191424371115e-01
-1.920698406511678058e-01 -3.625090726692283827e-01 -4.992720112215580097e-01 6.809035188340164524e-01 1.239999943830445206e+00 -5.515012725296111196e-01
-1.893770501170760068e-01 -3.625090726692283827e-01 1.097301123563863001e-01 -1.411981498231777987e-01 4.056126852348416634e+00 1.400439521503008100e+00
-1.918774984701611952e-01 1.855185242183156724e+00 -4.992720112215580097e-01 -6.643537571504833927e-01 -9.593181955872109867e-01 -1.040955673785962432e+00
-1.920698406511678058e-01 -1.062833593148929001e+00 -4.992720112215580097e-01 8.274880841766500336e-03 -9.263284234959460184e-01 -7.471151241466433834e-01
-1.920698406511678058e-01 1.038139968290172854e+00 -4.992720112215580097e-01 -4.027759534868305957e-01 -3.844964091485054136e-01 -5.372290172614154757e-01
-1.809139941527874995e-01 -7.126713329090786919e-01 5.157315280750158770e-01 -1.411981498231777987e-01 -4.094886607327969941e-01 2.344927002486533851e+00
-1.920698406511678058e-01 2.794550711038304991e-01 -4.992720112215580097e-01 3.819574575041275732e-01 -2.595351512270476779e-01 1.393723166082680986e+00
-1.824527316008399125e-01 -5.959505794957952185e-01 -2.962713033622432213e-01 -5.642068266049706793e-01 1.107041165402014249e+00 -9.083076542344985516e-01
6.739976152667749576e-02 -5.959505794957952185e-01 -4.992720112215580097e-01 -6.523959146972878598e-01 1.356963681244929498e+00 -7.261265134581206260e-01
-9.589875014788930285e-02 -4.850658637531760076e-01 5.157315280750158770e-01 8.274880841766500336e-03 9.835389146000719784e-02 -1.317290587591553042e-01
-7.839561167629259530e-02 -5.492622781304818957e-01 -9.327059550292840506e-02 -4.401442111530666779e-01 8.401239184817803629e-01 -1.061944284474485078e+00
-1.920698406511678058e-01 -6.543109562024369552e-01 7.187322359343306655e-01 1.914056021819807940e+00 1.822819250776124056e+00 6.725545028250377033e-01
-1.728356225505121024e-01 3.378154478104721803e-01 -2.962713033622432213e-01 -4.401442111530666779e-01 -6.764059076530306580e-01 -1.594340248680052863e-01
-1.536014044498563991e-01 4.545362012237555982e-01 -4.992720112215580097e-01 6.315774187145848373e-01 -5.924319423298111120e-01 -1.384454141794825011e-01
-1.920698406511678058e-01 -1.062833593148929001e+00 -4.992720112215580097e-01 -2.533029228218862117e-01 8.401239184817803629e-01 -1.174443237764967618e+00
-1.536014044498563991e-01 1.399974303871351688e+00 -4.992720112215580097e-01 -2.413450803686905954e-01 -6.594111765757124655e-01 -6.917051919289435302e-01
-1.909157875651283920e-01 -4.792298260825118006e-01 1.097301123563863001e-01 -6.150276570310517776e-01 -3.595041575642138887e-01 -9.150240096548255542e-01
-1.632185135001842091e-01 7.580101600982925847e-01 1.097301123563863001e-01 6.061670035015442881e-01 -8.093646860814617261e-01 -3.835923870214287823e-01
-1.899540766600955888e-01 -3.625090726692283827e-01 -2.962713033622432213e-01 2.578948420522236828e-01 1.939782988190608348e+00 -3.483315210647103810e-01
-9.589875014788930285e-02 -5.959505794957952185e-01 3.127308202157010886e-01 -3.654076958205945136e-01 8.901084216503634128e-01 -1.061944284474485078e+00
-1.920698406511678058e-01 4.545362012237555982e-01 -4.992720112215580097e-01 -6.269854994842473106e-01 -6.514136560687391331e-01 2.359199257754729384e+00
-1.920698406511678058e-01 -5.959505794957952185e-01 -9.327059550292840506e-02 -6.646163449070560669e-02 -8.843414408343364119e-01 -9.989784524089168061e-01
8.528758436028729961e-02 -7.593596342743921257e-01 -4.992720112215580097e-01 2.818105269586148043e-01 2.337713670713259875e-02 9.177014756669840123e-01
-1.920698406511678058e-01 -1.062833593148929001e+00 -4.992720112215580097e-01 8.301139617423869410e-02 -9.593181955872109867e-01 1.071338105906970872e+00
-1.343671863492006957e-01 -1.062833593148929001e+00 -4.992720112215580097e-01 8.274880841766500336e-03 -7.593801829128786762e-01 8.194747776446972276e-01
-1.920698406511678058e-01 -1.062833593148929001e+00 -9.327059550292840506e-02 -1.785664074894139919e-01 -3.460488696842369677e-02 1.268506249234452044e-01
-1.920698406511678058e-01 8.630588381702477552e-01 -9.327059550292840506e-02 1.577741702823683090e+00 -5.959713855271529803e-02 -1.669899247158737887e-01
-1.920698406511678058e-01 -6.510774758713900288e-03 -9.327059550292840506e-02 5.807565882885037389e-01 -5.594421702385462547e-01 -2.996379442673375859e-01
-1.920698406511678058e-01 -5.959505794957952185e-01 7.187322359343306655e-01 2.578948420522236828e-01 -6.424164454983941619e-01 -7.471151241466433834e-01
-1.920698406511678058e-01 8.046984614636060185e-01 1.530735067371589819e+00 -5.896172418180112285e-01 -7.659186963003350446e-02 4.282470744106326999e-01
-1.343671863492006957e-01 -3.625090726692283827e-01 -9.327059550292840506e-02 -2.159346651556501018e-01 -5.594421702385462547e-01 -1.097205150431203702e+00
-1.920698406511678058e-01 -1.062833593148929001e+00 -4.992720112215580097e-01 7.048192037404076293e-01 -3.460488696842369677e-02 9.454064417758339944e-01
-1.920698406511678058e-01 -1.062833593148929001e+00 1.097301123563863001e-01 -3.654076958205945136e-01 2.403098804587832094e-01 -5.372290172614154757e-01
-1.920698406511678058e-01 1.160460163252337029e-01 -2.962713033622432213e-01 -2.906711804881222938e-01 -9.593181955872109867e-01 -6.204687127325980017e-02
-6.166184192872210118e-02 -1.062833593148929001e+00 -2.962713033622432213e-01 -2.906711804881222938e-01 -8.593491892500447760e-01 -6.287393598633751468e-01
-1.920698406511678058e-01 5.712569546370390716e-01 -4.992720112215580097e-01 -4.147337959400261842e-01 -2.595351512270476779e-01 -2.643770783106191846e-01
-1.920698406511678058e-01 -1.062833593148929001e+00 -4.992720112215580097e-01 2.324844268391831892e-01 1.140030937493278884e+00 -8.596140774371258120e-01
-1.920698406511678058e-01 -5.025739767651684620e-01 9.217329437936455649e-01 -4.401442111530666779e-01 7.571496432219325667e-01 -1.040955673785962432e+00
-1.632185135001842091e-01 -1.290675658426614913e-01 -4.992720112215580097e-01 -2.413450803686905954e-01 7.731446842358788984e-01 -4.608304743551928095e-01
8.269590343215710293e-01 -1.062833593148929001e+00 -4.992720112215580097e-01 -2.906711804881222938e-01 -7.343879313285870403e-01 -4.045809977099515953e-01
-1.920698406511678058e-01 -1.062833593148929001e+00 -4.992720112215580097e-01 -3.654076958205945136e-01 2.403098804587832094e-01 5.608950939620966913e-01
-1.920698406511678058e-01 -4.792298260825118006e-01 -9.327059550292840506e-02 -2.159346651556501018e-01 -8.423544581727265834e-01 -1.321363512584627031e+00
-1.920698406511678058e-01 7.580101600982925847e-01 5.157315280750158770e-01 -2.278925076088456070e-01 -8.593491892500447760e-01 -4.885354404640426806e-01
-1.920698406511678058e-01 -4.792298260825118006e-01 -4.992720112215580097e-01 -2.652607652750818001e-01 1.140030937493278884e+00 -7.471151241466433834e-01
-1.920698406511678058e-01 -4.792298260825118006e-01 -2.962713033622432213e-01 -5.268385689387344861e-01 1.264992195414736731e+00 -7.051379027695977575e-01
1.926145213619460950e-01 5.712569546370390716e-01 -2.962713033622432213e-01 -6.523959146972878598e-01 -9.433231545732644330e-01 2.108050676775364007e-01
-1.632185135001842091e-01 -4.792298260825118006e-01 -2.962713033622432213e-01 8.274880841766500336e-03 -5.924319423298111120e-01 -9.360126203433484227e-01
-8.820506290762700208e-02 -7.126713329090786919e-01 3.127308202157010886e-01 -3.026290229413178823e-01 8.901084216503634128e-01 -1.103921505851530815e+00
-1.920698406511678058e-01 8.046984614636060185e-01 -4.992720112215580097e-01 8.303765494989608920e-01 -8.593491892500447760e-01 1.071338105906970872e+00
-1.920698406511678058e-01 -4.792298260825118006e-01 -4.992720112215580097e-01 -4.655546263661072826e-01 1.239999943830445206e+00 -7.966482453715574286e-01
-1.449460063045613090e-01 -3.625090726692283827e-01 1.530735067371589819e+00 2.833052572652642875e-01 2.153176288744916012e-01 -6.984215473492706439e-01
-1.920698406511678058e-01 -1.062833593148929001e+00 -4.992720112215580097e-01 -6.523959146972878598e-01 -9.513206750802376543e-01 -1.292819002048235522e+00
-1.907234453841218924e-01 -2.224441685732881924e-01 1.124733651652960242e+00 -2.159346651556501018e-01 4.836938829142409940e-02 -2.786493335788148840e-01
-1.807216519717808889e-01 3.839438050208975106e+00 -2.962713033622432213e-01 -6.523959146972878598e-01 -8.513516687430715546e-01 -8.100809562122117669e-01
-1.920698406511678058e-01 1.038139968290172854e+00 -4.992720112215580097e-01 8.301139617423869410e-02 -1.595661448898814949e-01 4.289618216935409817e-02
-1.374446612453056049e-01 -1.062833593148929001e+00 1.733735775230904608e+00 1.203796538404748040e-01 3.902633899645325255e-01 1.910882533447882503e+00
-1.920698406511678058e-01 1.102336382667478798e+00 -2.962713033622432213e-01 -3.399972806075540199e-01 -2.095506480584646003e-01 -2.366721122017692025e-01
-1.920698406511678058e-01 1.977505437145321010e-01 -4.992720112215580097e-01 3.819574575041275732e-01 -6.514136560687391331e-01 8.337470329128928714e-01
-2.723259152854839993e-02 4.136839375291064824e-01 3.127308202157010886e-01 6.809035188340164524e-01 -6.094266734071293046e-01 1.621114908801636889e-01
-1.920698406511678058e-01 1.802660903147179194e+00 -4.992720112215580097e-01 -4.027759534868305957e-01 -8.593491892500447760e-01 -4.885354404640426806e-01
-1.920698406511678058e-01 -1.062833593148929001e+00 -4.992720112215580097e-01 -6.643537571504833927e-01 -9.093336924186280479e-01 -4.532745745073242793e-01
-8.608929891655489608e-02 6.879777080503225450e-01 -9.327059550292840506e-02 -5.148807264855389532e-01 1.389953453336194356e+00 -7.194101580377934013e-01
-1.882229970310365930e-01 1.242401286763418877e+00 -2.962713033622432213e-01 -1.666085650362184034e-01 -6.174241939141026370e-01 -5.447849171092840059e-01
-1.159023369725711988e-01 -7.126713329090786919e-01 1.327734359512275031e+00 -6.523959146972878598e-01 1.048059451663085895e+00 -7.546710239945118026e-01
-1.920698406511678058e-01 -1.062833593148929001e+00 -4.992720112215580097e-01 1.876687764153571969e+00 1.756839706593594563e+00 1.533087541054471981e+00
-1.920698406511678058e-01 6.879777080503225450e-01 -4.992720112215580097e-01 2.325106856148405399e+00 -8.843414408343364119e-01 -1.132466016387922103e+00
-8.435821928749590026e-02 1.096500344996814480e+00 1.097301123563863001e-01 -6.646163449070560669e-02 -5.514446497315729223e-01 -3.348988102240560982e-01
7.547813312895290672e-02 1.043739409839053028e-01 1.097301123563863001e-01 -1.785664074894139919e-01 4.402478931331155754e-01 -9.360126203433484227e-01
-9.589875014788930285e-02 1.779316752464522589e+00 -4.992720112215580097e-01 1.054586095496377496e+00 1.789829478684859199e+00 -3.273429103761876235e-01
-1.343671863492006957e-01 1.043739409839053028e-01 -2.962713033622432213e-01 -6.523959146972878598e-01 2.822968631203929823e-01 7.010990133614289910e-01
-1.920698406511678058e-01 -3.625090726692283827e-01 5.157315280750158770e-01 1.876687764153571969e+00 8.401239184817803629e-01 -6.774329366607478864e-01
-1.920698406511678058e-01 -1.062833593148929001e+00 -4.992720112215580097e-01 1.084218113872792988e-01 -4.514756433944067116e-01 -7.471151241466433834e-01
-1.920698406511678058e-01 -6.543109562024369552e-01 -2.962713033622432213e-01 9.496923862743429645e-02 -3.515066370572405008e-01 -2.576607228902920155e-01
-1.920698406511678058e-01 1.685703553612112049e-01 -2.962713033622432213e-01 9.051130648314331673e-01 -4.174861812397702154e-01 -4.112973531302787089e-01
-1.316743958151088967e-01 -1.234681242937800058e-02 -4.992720112215580097e-01 5.194726457158764799e-01 -8.593491892500447760e-01 1.918438433295750700e+00
-1.728356225505121024e-01 2.911271464451588020e-01 -2.962713033622432213e-01 -6.643537571504833927e-01 -9.263284234959460184e-01 2.729438350300271043e+00
-1.343671863492006957e-01 -5.959505794957952185e-01 -2.962713033622432213e-01 8.274880841766500336e-03 -1.615114877158899944e-03 -8.873190435459756831e-01
-1.920698406511678058e-01 5.712569546370390716e-01 -4.992720112215580097e-01 -6.389433419374428436e-01 -9.173312129256011582e-01 5.961559599188150926e-01
-1.920698406511678058e-01 -1.062833593148929001e+00 1.733735775230904608e+00 -6.643537571504833927e-01 1.339968950167611306e+00 -8.310695669007345243e-01
-4.435104563813199730e-02 3.378154478104721803e-01 -2.962713033622432213e-01 -3.654076958205945136e-01 -9.343259440029195728e-01 -9.645571308797395993e-01
-9.589875014788930285e-02 4.545362012237555982e-01 -9.327059550292840506e-02 -5.896172418180112285e-01 -8.423544581727265834e-01 -3.206265549558603989e-01
-1.703351741974268030e-01 2.911271464451588020e-01 -4.992720112215580097e-01 -2.159346651556501018e-01 -9.343259440029195728e-01 4.349634298309599245e-01
3.624032820361530044e-02 -7.710317096157204286e-01 -2.962713033622432213e-01 -6.389433419374428436e-01 -5.344499186542547298e-01 3.997025638742415232e-01
-1.470617702956333872e-01 -1.290675658426614913e-01 -2.962713033622432213e-01 -2.159346651556501018e-01 5.402168994702818416e-01 -9.360126203433484227e-01
-7.474111023716799307e-02 5.362407286130540518e-01 -9.327059550292840506e-02 3.072209421716554090e-01 -1.095816417212984034e-01 2.393495782139276884e-01
-1.920698406511678058e-01 -1.640837918666465112e-01 -4.992720112215580097e-01 9.051130648314331673e-01 8.401239184817803629e-01 9.242930339426809472e-02
-1.730279647315186020e-01 -5.959505794957952185e-01 1.733735775230904608e+00 -5.776593993648155845e-01 -9.173312129256011582e-01 -9.989784524089168061e-01
-1.920698406511678058e-01 -7.768677472863846356e-01 -9.327059550292840506e-02 -4.521020536062623218e-01 1.090046434324695834e+00 -9.083076542344985516e-01
8.971145452343809445e-02 -7.710317096157204286e-01 3.127308202157010886e-01 -3.654076958205945136e-01 1.040061931156112784e+00 -9.435685201912169529e-01
-1.920698406511678058e-01 -9.461128397356456388e-01 -4.992720112215580097e-01 2.324844268391831892e-01 1.539906962841943505e+00 -5.515012725296111196e-01
-1.920698406511678058e-01 -1.062833593148929001e+00 -2.962713033622432213e-01 3.221945040138071814e+00 1.403408741216169986e-01 3.037551155207785847e+00
-1.920698406511678058e-01 -4.792298260825118006e-01 -4.992720112215580097e-01 -6.523959146972878598e-01 -3.595041575642138887e-01 -9.015912988141712159e-01
-1.536014044498563991e-01 3.319794101398080843e-01 -4.992720112215580097e-01 -6.643537571504833927e-01 -4.594731639013799884e-01 2.813267995909732866e-01
-1.920698406511678058e-01 -5.959505794957952185e-01 -4.992720112215580097e-01 -5.148807264855389532e-01 1.403408741216169986e-01 -1.132466016387922103e+00
-1.920698406511678058e-01 1.271581475116739801e+00 -4.992720112215580097e-01 8.677448071651969741e-01 -9.183309029889727970e-01 8.757242542899384974e-01
-1.662959883962890906e-01 -1.062833593148929001e+00 1.327734359512275031e+00 9.424813224976692494e-01 2.039751994527774670e+00 2.670545443227775873e-01
-1.920698406511678058e-01 5.712569546370390716e-01 -4.992720112215580097e-01 -1.411981498231777987e-01 -7.593801829128786762e-01 -4.675468297755199787e-01
-1.543707731738825917e-01 1.971905995596439976e+00 7.187322359343306655e-01 8.301139617423869410e-02 1.065054182740404309e+00 5.541787385417694667e-01
-1.549971848714849949e-02 -5.959505794957952185e-01 1.097301123563863001e-01 8.301139617423869410e-02 2.403098804587832094e-01 -8.453418221689301681e-01
-1.920698406511678058e-01 -8.293920863223621653e-01 -4.992720112215580097e-01 8.301139617423869410e-02 1.040061931156112784e+00 -9.292962649230211980e-01
-1.291739474620235972e-01 1.043739409839053028e-01 7.187322359343306655e-01 -1.038298921569417027e-01 -6.594111765757124655e-01 -6.421720707040293741e-01
-1.920698406511678058e-01 -3.625090726692283827e-01 -4.992720112215580097e-01 -1.905242499426094971e-01 1.506917190750679092e+00 -6.001948493269838592e-01
-2.050061519331889889e-02 8.805669511822402651e-01 -2.962713033622432213e-01 1.577479115067108861e-01 -8.093646860814617261e-01 1.316485078748917070e+00
1.277458212081530008e-02 4.545362012237555982e-01 -4.992720112215580097e-01 -5.522489841517750353e-01 -6.594111765757124655e-01 -3.835923870214287823e-01
1.892953191302509941e-02 -4.325415247171984223e-01 5.157315280750158770e-01 -2.787133380349267053e-01 2.403098804587832094e-01 6.305772814479921884e-01
-1.920698406511678058e-01 2.677829957625021962e-01 -4.992720112215580097e-01 -6.269854994842473106e-01 1.403408741216169986e-01 5.189178725850510654e-01
-1.920698406511678058e-01 -3.625090726692283827e-01 -4.992720112215580097e-01 -1.531559922763733872e-01 1.653331257059086068e-01 -9.570012310318711801e-01
-3.819609584592219970e-02 4.545362012237555982e-01 -2.962713033622432213e-01 -2.787133380349267053e-01 -3.595041575642138887e-01 -7.336824133059890451e-01
-1.343671863492006957e-01 7.521741224276284887e-01 1.097301123563863001e-01 1.141280453282045304e+00 -6.759465905968860266e-02 2.946347132869980151e-02
-1.597563542420661897e-01 1.160696759374120424e+00 7.187322359343306655e-01 1.029175680283336947e+00 9.071031527276820494e-01 -2.433884676220963994e-01
-1.884153392120432036e-01 2.210946943971887901e-01 -2.962713033622432213e-01 -6.646163449070560669e-02 1.439937956504777405e+00 -7.547958211391410377e-02
-1.920698406511678058e-01 -5.959505794957952185e-01 3.127308202157010886e-01 -4.894703112724984040e-01 -8.843414408343364119e-01 -2.853656889991419976e-01
-1.385987143313449077e-01 -5.959505794957952185e-01 -2.962713033622432213e-01 -6.646163449070560669e-02 1.239999943830445206e+00 -7.756596346830346711e-01
-1.151329682485450062e-01 -5.959505794957952185e-01 -9.327059550292840506e-02 -2.159346651556501018e-01 -8.013671655744883937e-01 -6.841492920810750000e-01
-1.214802602217613936e-01 -1.062833593148929001e+00 7.187322359343306655e-01 8.301139617423869410e-02 4.037186778445080171e-02 3.929862084539142986e-01
-1.920698406511678058e-01 -3.625090726692283827e-01 -2.962713033622432213e-01 6.181248459547398211e-01 -1.095816417212984034e-01 -4.112973531302787089e-01
-1.920698406511678058e-01 -1.062833593148929001e+00 9.217329437936455649e-01 8.303765494989608920e-01 1.140030937493278884e+00 1.197269770038107417e+00
-1.891847079360693962e-01 -1.062833593148929001e+00 -9.327059550292840506e-02 -1.411981498231777987e-01 -5.594421702385462547e-01 1.043633139798120890e+00
-7.421346884873099813e-03 -4.792298260825118006e-01 -4.992720112215580097e-01 -6.643537571504833927e-01 -1.595661448898814949e-01 1.211542025306303172e+00
-7.666453204723359949e-02 1.913545618889798350e+00 -4.992720112215580097e-01 8.301139617423869410e-02 -7.673777034198518976e-01 8.547356436014157399e-01
-1.920698406511678058e-01 -4.792298260825118006e-01 -4.992720112215580097e-01 -6.389433419374428436e-01 9.480904453259195730e-01 -1.069500184322353498e+00
9.235148091868627951e-01 1.271581475116739801e+00 -4.992720112215580097e-01 -6.523959146972878598e-01 -5.514446497315729223e-01 4.912129064762010833e-01
-1.151329682485450062e-01 -7.126713329090786919e-01 -4.992720112215580097e-01 -3.654076958205945136e-01 9.400929248189465737e-01 -1.027522962945308205e+00
1.346667607401287992e+00 1.458334680577993092e+00 -2.962713033622432213e-01 3.072209421716554090e-01 -9.263284234959460184e-01 5.716843743754970036e-02
-1.920698406511678058e-01 3.378154478104721803e-01 -4.992720112215580097e-01 2.324844268391831892e-01 -7.659186963003350446e-02 -1.069500184322353498e+00
-1.920698406511678058e-01 -1.062833593148929001e+00 -4.992720112215580097e-01 -6.643537571504833927e-01 2.589581529382188663e+00 3.513572845623482710e+00
-1.920698406511678058e-01 2.205347502423006922e+00 -2.962713033622432213e-01 -6.523959146972878598e-01 -9.513206750802376543e-01 7.917698115358473565e-01
2.349155054807462673e+00 -1.062833593148929001e+00 -4.992720112215580097e-01 -6.643537571504833927e-01 2.039751994527774670e+00 -2.929215888470104723e-01
-1.920698406511678058e-01 -3.566730349985641757e-01 7.187322359343306655e-01 -5.776593993648155845e-01 1.239999943830445206e+00 -8.176368560600801860e-01
3.253306262564704121e-01 -1.062833593148929001e+00 -4.992720112215580097e-01 -6.523959146972878598e-01 2.483074009657564862e-01 1.386167266234812567e+00
-1.920698406511678058e-01 -1.062833593148929001e+00 -4.992720112215580097e-01 3.819837162797849572e+00 -9.593181955872109867e-01 8.194747776446972276e-01
-1.907234453841218924e-01 1.388302228530023275e+00 -9.327059550292840506e-02 7.556400341664887277e-01 6.536411936874239603e-02 -2.786493335788148840e-01
-1.920698406511678058e-01 2.502748827505096862e-01 -4.992720112215580097e-01 -6.269854994842473106e-01 -1.095816417212984034e-01 1.421428132191530969e+00
-1.920698406511678058e-01 7.519375263058450387e-02 9.217329437936455649e-01 1.876687764153571969e+00 -1.515686243829081903e-01 2.460659336342548020e-01
-1.920698406511678058e-01 3.086589190693297180e+00 -4.992720112215580097e-01 1.054586095496377496e+00 -5.959713855271529803e-02 3.023154102794959885e-01
-1.920698406511678058e-01 6.879777080503225450e-01 -4.992720112215580097e-01 -4.147337959400261842e-01 -7.593801829128786762e-01 -6.984215473492706439e-01
-3.107943514867959889e-02 -8.935885006996679980e-01 -4.992720112215580097e-01 -1.411981498231777987e-01 1.040061931156112784e+00 7.774975562676517127e-01
-1.920698406511678058e-01 1.154860721703456328e+00 1.097301123563863001e-01 2.818105269586148043e-01 -3.265143854729489759e-01 1.344065247713137068e-01
2.723403553891000231e-04 -3.625090726692283827e-01 -9.327059550292840506e-02 -1.411981498231777987e-01 -1.595661448898814949e-01 -1.495988753513136649e+00
-1.905311032031153096e-01 -1.874279425493032003e-01 -4.992720112215580097e-01 -2.159346651556501018e-01 -6.594111765757124655e-01 -8.663304328574529256e-01
-1.920698406511678058e-01 9.797795915835312286e-01 -4.992720112215580097e-01 1.129322610828850104e+00 3.402788867959494201e-01 1.428144487611858082e+00
